0.03616273229532896
0.03264691109994977
0.021597187343043722
0.043194374686087444
0.08538422903063791
0.03314917127071826
0.03867403314917128
0.046207935710698145
0.030135610246107447
0.030135610246107447
0.02511300853842291
0.03465595178302361
0.023103967855349072
0.02511300853842291
0.030637870416875934
0.03566047212456047
0.02812656956303361
0.04369663485685582
0.038171772978402796
0.032144650929181284
0.019085886489201398
0.032144650929181284
0.023103967855349072
0.032144650929181284
0.04068307383224512
0.033651431441486745
0.02963335007533907
0.057257659467604194
0.02360622802611756
0.025615268709191397
0.033651431441486745
0.03465595178302361
0.05123053741838268
0.036664992466097446
0.03164239075841291
0.027624309392265234
0.026117528879959773
0.033651431441486745
0.026117528879959773
0.04269211451531896
0.03566047212456047
0.0698141637368157
0.03465595178302361
0.04269211451531896
0.035158211953792096
0.029131089904570584
0.02661978905072826
0.03616273229532896
0.02812656956303361
0.18282270215971874
0.027122049221496747
0.03766951280763431
0.028628829733802097
0.02963335007533907
0.06077348066298338
0.030637870416875934
0.024610748367654423
0.018081366147664535
0.02812656956303361
0.047714716223003495
0.03616273229532896
0.026117528879959773
0.05022601707684582
0.02812656956303361
0.03264691109994977
0.028628829733802097
0.02661978905072826
0.02209944751381221
0.02360622802611756
0.03716725263686593
0.030637870416875934
0.030135610246107447
0.026117528879959773
0.05775991963837268
0.024610748367654423
0.027624309392265234
0.02511300853842291
0.030135610246107447
0.03114013058764442
0.027122049221496747
0.07483676544450024
0.02812656956303361
0.026117528879959773
0.03566047212456047
0.02360622802611756
0.02360622802611756
0.029131089904570584
0.02812656956303361
0.033651431441486745
0.022601707684580585
0.03314917127071826
0.07684580612757408
0.08940231039678559
0.027624309392265234
0.03716725263686593
0.02360622802611756
0.049221496735308845
0.035158211953792096
0.04520341536916117
0.046207935710698145
