0.14113510798593676
0.1813159216474134
0.2189854344550477
0.16373681567051734
0.08839779005524862
0.13410346559517827
0.1617277749874435
0.13761928679055746
0.3244600703164239
0.0823706680060271
0.33751883475640376
0.09090909090909094
0.08588648920140629
0.07081868407835257
0.24359618282270212
0.18332496233048723
0.16574585635359118
0.20592667001506781
0.36012054244098446
0.20843797086891014
0.17378201908588653
0.09342039176293315
0.09693621295831245
0.10195881466599699
0.19186338523355095
0.16022099447513816
0.30889000502260167
0.41185334003013563
0.17980914113510793
0.24711200401808142
0.14766449020592665
0.13561024610748362
0.21998995479658467
0.1617277749874435
0.1617277749874435
0.1903566047212456
0.1361125062782521
0.14364640883977897
0.24861878453038677
0.12556504269211455
0.11652435961828222
0.15017579105976897
0.12405826217980909
0.34455047714716225
0.16122551481667502
0.10949271722752385
0.11652435961828222
0.32546459065796085
0.13058764439979909
0.1843294826720241
0.11150175791059769
0.2255148166750377
0.09442491210447013
0.27473631341034654
0.14665996986438978
0.1908588648920141
0.10899045705675536
0.12305374183827222
0.09542943244600699
0.10647915620291315
0.15318935208437967
0.14113510798593676
0.406830738322451
0.1742842792566549
0.2124560522350578
0.12908086388749374
0.3490708186840783
0.15168257157207432
0.12908086388749374
0.14364640883977897
0.4128578603716725
0.36614766449020597
0.23355097940733305
0.3591160220994475
0.1526870919136113
0.09442491210447013
0.12908086388749374
0.20190858864892014
0.11803114013058769
0.12456052235057757
0.15118031140130583
0.14213962832747362
0.4213962832747363
0.10447011551983931
0.27172275238573584
0.11903566047212455
0.23003515821195375
0.16273229532898037
0.30085384229030643
0.15168257157207432
0.13510798593671525
0.29683576092415875
0.08488196885986943
0.22702159718734305
0.15017579105976897
0.3520843797086891
0.21798091411351084
0.2219989954796585
0.14866901054746362
0.28377699648417876
