0.054244098442993494
0.08387744851833245
0.04068307383224512
0.04118533400301361
0.08538422903063791
0.061778001004520355
0.043194374686087444
0.04218985434455047
0.05123053741838268
0.06378704168759419
0.06228026117528884
0.06378704168759419
0.11200401808136617
0.04068307383224512
0.04218985434455047
0.07634354595680559
0.04972375690607733
0.0632847815168257
0.07584128578603722
0.049221496735308845
0.05474635861376198
0.03566047212456047
0.09241587142139629
0.1431441486690106
0.06830738322451024
0.06127574083375187
0.08538422903063791
0.07433450527373175
0.054244098442993494
0.06278252134605722
0.0793571069814164
0.04168759417378198
0.06077348066298338
0.05675539929683571
0.07383224510296338
0.06529382219989954
0.05625313912606733
0.06680060271220489
0.05926670015067803
0.08287292817679559
0.10296333500753385
0.07483676544450024
0.08387744851833245
0.09542943244600699
0.06127574083375187
0.08337518834756408
0.06529382219989954
0.08337518834756408
0.060271220492215005
0.06730286288297338
0.12958312405826222
0.054244098442993494
0.0728277247614264
0.05323957810145652
0.03766951280763431
0.04721245605223501
0.057257659467604194
0.06931190356604722
0.05826217980914117
0.05524861878453036
0.07684580612757408
0.10447011551983931
0.07483676544450024
0.08186840783525862
0.06278252134605722
0.06278252134605722
0.07383224510296338
0.06579608237066803
0.07232546459065792
0.05273731793068814
0.08186840783525862
0.06479156202913106
0.04168759417378198
0.04871923656454047
0.06780512305374187
0.052235057759919656
0.058764439979909544
0.10396785534907083
0.11451531893520839
0.05123053741838268
0.09141135107985932
0.05675539929683571
0.06579608237066803
0.07684580612757408
0.07584128578603722
0.05976896032144652
0.04671019588146663
0.06479156202913106
0.10195881466599699
0.06278252134605722
0.12104470115519839
0.1300853842290306
0.08638874937217478
0.0889000502260171
0.07634354595680559
0.038171772978402796
0.08186840783525862
0.054244098442993494
0.050728277247614306
0.06228026117528884
