0.03415369161225512
0.026117528879959773
0.02661978905072826
0.03164239075841291
0.03114013058764442
0.021094927172275235
0.03264691109994977
0.02511300853842291
0.026117528879959773
0.03415369161225512
0.03716725263686593
0.038171772978402796
0.030135610246107447
0.022601707684580585
0.028628829733802097
0.028628829733802097
0.023103967855349072
0.027624309392265234
0.03314917127071826
0.027122049221496747
0.016574585635359074
0.020592667001506748
0.028628829733802097
0.03766951280763431
0.02812656956303361
0.02511300853842291
0.03164239075841291
0.023103967855349072
0.020592667001506748
0.05022601707684582
0.02812656956303361
0.02511300853842291
0.024108488196885935
0.030135610246107447
0.02812656956303361
0.02511300853842291
0.027122049221496747
0.03164239075841291
0.02963335007533907
0.024610748367654423
0.02812656956303361
0.02209944751381221
0.033651431441486745
0.022601707684580585
0.02661978905072826
0.027122049221496747
0.03465595178302361
0.028628829733802097
0.030135610246107447
0.04419889502762431
0.026117528879959773
0.025615268709191397
0.03465595178302361
0.020592667001506748
0.02963335007533907
0.021597187343043722
0.01557006529382221
0.028628829733802097
0.02661978905072826
0.08538422903063791
0.027122049221496747
0.021094927172275235
0.030637870416875934
0.019588146659969885
0.038171772978402796
0.02209944751381221
0.026117528879959773
0.03465595178302361
0.04218985434455047
0.022601707684580585
0.028628829733802097
0.038171772978402796
0.027122049221496747
0.02360622802611756
0.038171772978402796
0.028628829733802097
0.03415369161225512
0.027624309392265234
0.02360622802611756
0.02360622802611756
0.02511300853842291
0.028628829733802097
0.02360622802611756
0.032144650929181284
0.05173279758915117
0.03465595178302361
0.027122049221496747
0.020592667001506748
0.04721245605223501
0.015067805123053724
0.018081366147664535
0.04118533400301361
0.03164239075841291
0.02511300853842291
0.028628829733802097
0.021597187343043722
0.03766951280763431
0.027122049221496747
0.027122049221496747
0.03465595178302361
