0.024108488196885935
0.038171772978402796
0.027122049221496747
0.03616273229532896
0.03566047212456047
0.03314917127071826
0.027122049221496747
0.03114013058764442
0.0728277247614264
0.03867403314917128
0.052235057759919656
0.05273731793068814
0.030637870416875934
0.03415369161225512
0.04369663485685582
0.035158211953792096
0.039678553490708146
0.029131089904570584
0.06880964339527873
0.04068307383224512
0.046207935710698145
0.04871923656454047
0.05675539929683571
0.04269211451531896
0.04018081366147663
0.02963335007533907
0.039678553490708146
0.054244098442993494
0.04721245605223501
0.03314917127071826
0.06730286288297338
0.044701155198392795
0.030637870416875934
0.03716725263686593
0.03465595178302361
0.04018081366147663
0.04972375690607733
0.02360622802611756
0.038171772978402796
0.04821697639377198
0.02963335007533907
0.02812656956303361
0.06680060271220489
0.03766951280763431
0.029131089904570584
0.03917629331993977
0.03917629331993977
0.04972375690607733
0.052235057759919656
0.11200401808136617
0.046207935710698145
0.03917629331993977
0.06278252134605722
0.03566047212456047
0.049221496735308845
0.025615268709191397
0.029131089904570584
0.06680060271220489
0.04821697639377198
0.057257659467604194
0.06830738322451024
0.03566047212456047
0.038171772978402796
0.057257659467604194
0.06830738322451024
0.04168759417378198
0.04018081366147663
0.03616273229532896
0.05374183827222501
0.03716725263686593
0.027624309392265234
0.04018081366147663
0.02511300853842291
0.04168759417378198
0.04570567553992966
0.03766951280763431
0.023103967855349072
0.028628829733802097
0.03766951280763431
0.03415369161225512
0.05173279758915117
0.02963335007533907
0.049221496735308845
0.07634354595680559
0.07031642390758408
0.04871923656454047
0.020592667001506748
0.044701155198392795
0.04269211451531896
0.033651431441486745
0.05374183827222501
0.0984429934706178
0.07785032646911105
0.04721245605223501
0.029131089904570584
0.03465595178302361
0.036664992466097446
0.03164239075841291
0.04972375690607733
0.03867403314917128
